0.2622444524727264
0.31189540891182865
0.4049801486725796
0.449553022290307
0.4600743891893272
0.4776870161832116
0.48890949636844716
0.4979416247437873
0.5102219399876589
0.5201999197794152
0.5348265626599626
0.5389042608706205
0.5528335245495838
0.5613337792452732
0.5675441843343325
0.5741061379327299
0.5781388715409541
0.5915931285374618
0.5912395962956636
0.6016482016181656
0.6055973072893377
0.6098622931822771
0.611341418560081
0.6211846601313962
0.6219565265420292
0.6270978165251293
0.6343188749576414
0.637083731246727
0.63490882143265
0.6454924230755228
0.6455863586420254
0.648538269233103
0.6537403936783192
0.6521338426624771
0.6585198275226308
0.66023120518515
0.6633105414142659
0.6644129521081863
0.6708572042472725
0.6726476589311992
0.6739070178697733
0.6787597720216864
0.6792655071089191
0.6810920190475657
0.6863082241035786
0.6897077969865315
0.6912703558178127
0.694656664920982
0.6982229102273156
0.6951025379639717
0.6994115160414721
0.7051821937684972
0.7056197429144966
0.7069393528644631
0.7079503951750648
0.7150264077576853
0.7177308185518037
0.7168664168564048
0.718350482117002
0.7257754760257764
0.726378102829845
0.7284154738600073
0.7310293331018201
0.7329081611220177
0.739078541491437
0.739390648731858
0.7402273170695278
0.7431140367664196
0.7492913407510925
0.7504643100858559
0.7473520672359277
0.750092146317617
0.7561222262363632
0.7576267122722868
0.7571560620219011
0.7669600568078742
0.765999541329938
0.7724758832588228
0.769262975710713
0.7747577979356113
0.773484163902666
0.7793947531132152
0.7856994827359263
0.7794389397813506
0.7882703222110512
0.7895130333556446
0.7978422591958837
0.791797126248468
0.8003015428926521
0.8020864353463472
0.8044335409173213
0.8035419893149169
0.8079890896270552
0.8116076510149397
0.8185185859394911
0.8153229096360856
0.8219724586364555
0.8201362225190819
0.8257891987867959
0.8237983871243784
0.1458241731569725
0.24647677446035476
0.31285335720658114
0.344104533832207
0.38181898309050893
0.41282087067028994
0.422764776939787
0.44925277854793283
0.4550674484595189
0.47943168943369174
0.47739015645503424
0.516250425141094
0.519224156789235
0.535923605607226
0.53821166596497
0.5452632903073431
0.46858137301669545
0.5404390863441724
0.5502040288283782
0.5732502546178959
0.581836704433821
0.5956320078266414
0.6007211762117648
0.6143930214314675
0.6117490561323161
0.6310136266083403
0.6358929083198207
0.6427101410581586
0.6523373502748752
0.6597013152379592
0.6648681603627538
0.6799807010059313
0.6784102072448088
0.6927261042699567
0.6946336769624716
0.7012855986624509
0.7125245321580924
0.7021341693948824
0.7121476229906345
0.7187089931383084
0.7242741406237602
0.727605760945769
0.7377595149921942
0.7432182799623728
0.7419133340739269
0.7555931142234708
0.759824804528449
0.7585008381464127
0.7665203294458399
0.778192066688262
0.7751305451545741
0.7780858397598487
0.7852561768761207
0.7883648412282773
0.7907676468949997
0.7929498692914791
0.8061459298944281
0.8077760523195044
0.8104628429017697
0.8217921334661423
0.8148857494572354
0.8249132836637842
0.8242731993232597
0.83030148999312
0.8369427150964998
0.833775783465411
0.8401768213542341
0.8474394992716978
0.8481213975807488
0.8535470614465408
0.8552202036383053
0.862684016468558
0.8665889354715948
0.8687979188079308
0.8767817418197876
0.8724396626379005
0.8807649210132189
0.8861927630950457
0.8858326962051432
0.8926269020882558
0.8896189024342809
0.8994357720328885
0.9032342696239373
0.9014792887440062
0.9015109895666564
0.9060661060560942
0.916983402616162
0.9113310486958865
0.9173452587549503
0.9141381079206471
0.9238818516952276
0.9216372000713211
0.9300605559616373
0.924946415885543
0.9333658043109383
0.9367628100107074
0.9375616318447715
0.9358252824912818
0.9402830794000198
0.944918245328738
