4.62143087387085
1.4127860069274902
1.2695242166519165
1.1908375024795532
1.167703628540039
1.1366779804229736
1.1205101013183594
1.1120651960372925
1.092329978942871
1.0794217586517334
1.0594898462295532
1.0593093633651733
1.036598801612854
1.0240978002548218
1.0127445459365845
1.0040515661239624
0.9948936700820923
0.9751373529434204
0.9744428992271423
0.9565880298614502
0.9492700099945068
0.9338611960411072
0.9322958588600159
0.9107449054718018
0.9127600193023682
0.9060060977935791
0.888187050819397
0.8812098503112793
0.8819760084152222
0.8647677898406982
0.8615231513977051
0.8556628823280334
0.8446449637413025
0.8448225259780884
0.8292990922927856
0.827273964881897
0.8212777972221375
0.8251430988311768
0.8019299507141113
0.8001713156700134
0.7952126860618591
0.7880221605300903
0.7871168255805969
0.7827739715576172
0.7721210718154907
0.765703022480011
0.7588802576065063
0.754230797290802
0.7426236271858215
0.7447993755340576
0.7389945983886719
0.7236225605010986
0.7308807373046875
0.72625732421875
0.7193592190742493
0.7069425582885742
0.7008992433547974
0.7030832171440125
0.6956554651260376
0.6860736012458801
0.6838231682777405
0.6778181195259094
0.6697166562080383
0.6652703881263733
0.6532941460609436
0.6530959010124207
0.6475207209587097
0.6429102420806885
0.6294118165969849
0.6244222521781921
0.6250817179679871
0.620907723903656
0.611476480960846
0.6047284603118896
0.6069818735122681
0.586761474609375
0.591968834400177
0.5741109251976013
0.5788087248802185
0.5673314332962036
0.5682780146598816
0.5544717311859131
0.5458264946937561
0.5511336922645569
0.5343555808067322
0.5351390838623047
0.5156319737434387
0.5263062119483948
0.5045238733291626
0.5024239420890808
0.49515244364738464
0.49686864018440247
0.48946911096572876
0.47855108976364136
0.46568402647972107
0.4720263183116913
0.4522649049758911
0.45586881041526794
0.44323864579200745
0.4527607858181
4.149496555328369
2.0992298126220703
1.885196328163147
1.79322350025177
1.6882246732711792
1.5993238687515259
1.585408091545105
1.5195006132125854
1.4957256317138672
1.4287447929382324
1.4428874254226685
1.3398587703704834
1.3282558917999268
1.2980092763900757
1.2826892137527466
1.2673485279083252
1.5290189981460571
1.306121826171875
1.2578587532043457
1.1890052556991577
1.1719746589660645
1.1347013711929321
1.1271761655807495
1.091963529586792
1.1005702018737793
1.0410269498825073
1.0283390283584595
1.0114834308624268
0.9819110631942749
0.9689596891403198
0.9418165683746338
0.9061934947967529
0.9100419878959656
0.8799492120742798
0.8699063658714294
0.8467471599578857
0.8155970573425293
0.8448288440704346
0.8169893622398376
0.8057120442390442
0.7805136442184448
0.7774206399917603
0.7372757196426392
0.724815845489502
0.728312611579895
0.6936114430427551
0.6805517077445984
0.6859975457191467
0.662607729434967
0.6266283392906189
0.6312972903251648
0.6241323947906494
0.6040105819702148
0.5903395414352417
0.592882513999939
0.5814304351806641
0.5437406301498413
0.5443317294120789
0.5297795534133911
0.5046329498291016
0.5230242609977722
0.49382907152175903
0.49278056621551514
0.48809584975242615
0.4585112929344177
0.4662822484970093
0.45241764187812805
0.42265763878822327
0.416550874710083
0.40483447909355164
0.406491219997406
0.38198626041412354
0.36936578154563904
0.36535605788230896
0.347926527261734
0.3514358103275299
0.34127941727638245
0.3181922137737274
0.3193066418170929
0.30034002661705017
0.3090986907482147
0.27918124198913574
0.2682260572910309
0.275094211101532
0.2701035141944885
0.2665944993495941
0.23628447949886322
0.24727274477481842
0.22980350255966187
0.24153545498847961
0.21105654537677765
0.22020331025123596
0.19576266407966614
0.21239754557609558
0.18674632906913757
0.17574280500411987
0.17437124252319336
0.1842755675315857
0.16415543854236603
0.15436525642871857
