0.19672694257195655
0.27529682861080534
0.3118668587230862
0.33644907688760306
0.3561131555224467
0.3715673260126604
0.3910744564028504
0.40208191554807493
0.41494961008377107
0.4242722580227587
0.4329468866913801
0.44206699943584205
0.449405175876942
0.4550254400074184
0.4620937121437722
0.4728094848239021
0.48110541507617993
0.48967047169890593
0.49039873489212693
0.49606478045604996
0.5024723529929778
0.5066162534124088
0.5116830172897453
0.5169368743657891
0.5172513543058197
0.5268367884507252
0.5284205459916314
0.5344486421779172
0.5397910670738064
0.5423211038949927
0.5455498424060699
0.5456586365176674
0.5566482809674641
0.5573113532664993
0.553497997130356
0.5630849871438577
0.5658393413199181
0.5725685507924194
0.5721105808710935
0.5758417093519218
0.579523283417957
0.5802428337470388
0.5843801995183653
0.5849810370735481
0.5911559683586116
0.5929359209295133
0.5966194787280089
0.5994725138697905
0.5970611898225034
0.6044843944823921
0.6029787026483062
0.604727343363707
0.6122777791780595
0.6095713846514808
0.6151769847204368
0.6162627476203768
0.6166309439236953
0.6173544617176976
0.6213624181185254
0.6242180204434911
0.6288361496110795
0.6291474789172026
0.6310639589574312
0.6383803532381828
0.6315074593008112
0.6378221075858239
0.6382987090335909
0.641192157862162
0.6448009950713195
0.6443822719353356
0.6498120977496229
0.647711908524884
0.6525107518299348
0.6549848940717985
0.650351906359115
0.6593079527600955
0.6498921471889033
0.660023341140682
0.6580618576013051
0.6603098932394087
0.6639882777748216
0.6655084391868532
0.6669576529908928
0.6677132605746944
0.6698800409753554
0.668047966806477
0.6752953972116967
0.6693225732572949
0.6753037211086871
0.67549672660806
0.6783420213035752
0.684720888064901
0.6789755709959955
0.6872013704712944
0.6821440973923953
0.685028833356827
0.6869546486086333
0.6870291358176821
0.6910525731110434
0.6879863061781364
0.6894880305473018
0.6906282877448275
0.6968238342887922
0.6974282503417465
0.6989071812359758
0.6990849392231051
0.6966755989082782
0.703057421819937
0.7007984951016589
0.7027938576797208
0.7049776748415115
0.7037038463249918
0.7038316609301791
0.7098028901192698
0.7082448822036327
0.70896423804914
0.7087908364940805
0.710211305625803
0.7134594924943343
0.7164609575002048
0.7145620976718293
0.7163232242327155
0.7192404778508101
0.7224428832858949
0.7179759456491535
0.7188227271326991
0.7199271215590799
0.7278800216825848
0.7259076470630335
0.7250937722002999
0.7278758597340897
0.725356558406218
0.7267484773491982
0.7286372240316974
0.7251902749499866
0.7294467424623612
0.7306286191448386
0.7304740435997945
0.7301409321333229
0.73324524005341
0.7355019885556531
0.7384994860966027
0.7373853674914949
0.7365881404227419
0.7392866000194794
0.7313463802250346
0.7430113883357775
0.7423861625403474
0.7418780547535052
0.7441056696162823
0.7441344142885994
0.7469040159769034
0.7459230797236404
0.7479001997424105
0.7482075615836129
0.7469987294777044
0.7495232040686587
0.7512068483734482
0.7512865088455796
0.7547960816382923
0.7546749961647838
0.7514791253778038
0.756021756021756
0.757294184256539
0.7575575539131807
0.7611172645714095
0.7580052162050561
0.7581494841206495
0.7639096597346497
0.765139690550183
0.7633514140822911
0.7623875145901577
0.7615530244685231
0.7653194322697728
0.7691664729610264
0.7649413173041528
0.7666651808121573
0.767775915403068
0.7707248698438125
0.7673114108336374
0.7701541383459686
0.7698987036191682
0.7675163187277725
0.7716909475519808
0.7732622192474015
0.7728080223074216
0.774375715505071
0.7776924772819847
0.7765209082289578
0.7764309401273758
0.7780900017083439
0.7781987958199413
0.7782198000459916
0.781091855681363
0.7794896610975905
0.7809973366641368
0.7816853806541434
0.7854969475414009
0.782112622170692
0.7850635603438967
