2.5975615978240967
2.1443629264831543
1.9670898914337158
1.8551936149597168
1.806533932685852
1.7414793968200684
1.6837962865829468
1.6451317071914673
1.6177301406860352
1.5892446041107178
1.5624775886535645
1.532379388809204
1.516862392425537
1.4973140954971313
1.4757905006408691
1.4558743238449097
1.4308611154556274
1.4103034734725952
1.410150408744812
1.383626937866211
1.370288610458374
1.3626724481582642
1.3457282781600952
1.3292473554611206
1.3341617584228516
1.306895136833191
1.2956068515777588
1.288254737854004
1.2710011005401611
1.2677083015441895
1.258569359779358
1.2540934085845947
1.2219316959381104
1.2237086296081543
1.2334116697311401
1.2082467079162598
1.1953165531158447
1.1833155155181885
1.1910006999969482
1.1696537733078003
1.1695976257324219
1.1603533029556274
1.1512398719787598
1.150808572769165
1.1360365152359009
1.128761887550354
1.117404580116272
1.111194372177124
1.1131384372711182
1.1045732498168945
1.1023056507110596
1.0913430452346802
1.0824432373046875
1.0832908153533936
1.0721757411956787
1.0649616718292236
1.0626156330108643
1.0593690872192383
1.0543973445892334
1.044161081314087
1.0321567058563232
1.0361096858978271
1.0269687175750732
1.0048726797103882
1.0230222940444946
1.0073649883270264
1.0111461877822876
0.995227038860321
0.9938740134239197
0.9917799234390259
0.97786545753479
0.9789042472839355
0.9724749326705933
0.9669845700263977
0.9689683318138123
0.9479974508285522
0.9694145917892456
0.9487888216972351
0.951608419418335
0.9456171989440918
0.9364504218101501
0.9311829209327698
0.9304049015045166
0.9285574555397034
0.9174079298973083
0.9217479228973389
0.9068688750267029
0.9221608638763428
0.907245397567749
0.9039769172668457
0.9007646441459656
0.8884153962135315
0.8983235359191895
0.878237247467041
0.8864322900772095
0.8796424269676208
0.8698397278785706
0.8789124488830566
0.8662845492362976
0.870635449886322
0.8697389960289001
0.867760419845581
0.8507329821586609
0.8468172550201416
0.840917706489563
0.8480139970779419
0.8468311429023743
0.8280258774757385
0.8345963954925537
0.8326725363731384
0.829362154006958
0.8289406895637512
0.8279128074645996
0.8103935718536377
0.8123275637626648
0.8098067045211792
0.8143753409385681
0.8044372200965881
0.8027991056442261
0.7932085394859314
0.796334981918335
0.7932947874069214
0.7842181324958801
0.7776958346366882
0.7869604825973511
0.786535382270813
0.7867186069488525
0.7634758949279785
0.776493489742279
0.768609344959259
0.7648383975028992
0.7694884538650513
0.763145923614502
0.760533332824707
0.7650754451751709
0.7560439109802246
0.7552118301391602
0.749806821346283
0.7479737401008606
0.7480271458625793
0.7459475994110107
0.7303525805473328
0.7384271025657654
0.7345083355903625
0.7275869250297546
0.7446054816246033
0.7205898761749268
0.719666600227356
0.718048632144928
0.7117297649383545
0.7100568413734436
0.7061220407485962
0.7094519138336182
0.7051782011985779
0.7036542296409607
0.7046829462051392
0.6988104581832886
0.6971831917762756
0.69446861743927
0.6862488985061646
0.6895260214805603
0.6967177391052246
0.6822180151939392
0.6761709451675415
0.6801717877388
0.6698542833328247
0.6746546030044556
0.6723496317863464
0.6626822352409363
0.660537600517273
0.6591758728027344
0.6660639047622681
0.6627846956253052
0.6590009331703186
0.6429643034934998
0.6586301922798157
0.6540629267692566
0.6518475413322449
0.6397032737731934
0.6438776254653931
0.637997567653656
0.6390405893325806
0.6437598466873169
0.6318240165710449
0.635739266872406
0.6293966174125671
0.6281253695487976
0.620611846446991
0.6194106340408325
0.6257625222206116
0.6173803210258484
0.617702305316925
0.6157518625259399
0.606914758682251
0.6130099892616272
0.6047531366348267
0.6062926650047302
0.5984727740287781
0.6018555164337158
0.5946221351623535
